BLAST_out_clusters
112	12498		83.080	987	141	23	0.0	874	N/A	FR749909.1.2952
122	15242		83.384	987	138	23	0.0	891	N/A	FR749909.1.2952
136	10460		83.384	987	140	21	0.0	893	N/A	FR749909.1.2952
30	14126		83.181	987	140	23	0.0	880	N/A	FR749909.1.2952
30	20580		82.979	987	140	25	0.0	867	N/A	FR749909.1.2952
34	8556		82.776	987	142	24	0.0	856	N/A	FR749909.1.2952
35	13328		83.181	987	140	23	0.0	880	N/A	FR749909.1.2952
46	11414		83.485	987	138	22	0.0	896	N/A	FR749909.1.2952
47	22925		82.877	987	139	25	0.0	859	N/A	FR749909.1.2952
52	16713		83.283	987	140	22	0.0	885	N/A	FR749909.1.2952
68	86		83.384	987	138	23	0.0	891	N/A	FR749909.1.2952
72	12602		96.970	396	10	2	0.0	664	N/A	JN866584.1.1771
	
