BLAST_out_clusters
100	9069		83.181	987	138	24	0.0	878	N/A	FR749909.1.2952
120	3305		83.094	976	138	24	0.0	863	N/A	FR749909.1.2952
25	3811		83.266	986	139	22	0.0	883	N/A	FR749909.1.2952
26	20657		82.979	987	140	25	0.0	867	N/A	FR749909.1.2952
28	12683		82.895	988	137	27	0.0	859	N/A	FR749909.1.2952
28	2793		83.147	985	140	23	0.0	876	N/A	FR749909.1.2952
28	3829		83.384	987	139	22	0.0	891	N/A	FR749909.1.2952
30	6126		83.367	986	139	22	0.0	889	N/A	FR749909.1.2952
37	8847		83.046	985	138	26	0.0	867	N/A	FR749909.1.2952
44	7591		83.063	986	140	23	0.0	870	N/A	FR749909.1.2952
59	8819		82.979	987	140	25	0.0	867	N/A	FR749909.1.2952
61	5506		83.080	987	140	24	0.0	872	N/A	FR749909.1.2952
62	2874		83.587	987	138	21	0.0	904	N/A	FR749909.1.2952
71	18770		92.602	392	27	2	5.21e	159	562	N/A	AYMY01106032.76692.78312
	
