BLAST_out_clusters
25	2613		83.080	987	140	23	0.0	872	N/A	FR749909.1.2952
26	5726		82.675	987	145	23	0.0	852	N/A	FR749909.1.2952
30	3354		82.961	986	142	22	0.0	867	N/A	FR749909.1.2952
31	409		83.063	986	138	24	0.0	869	N/A	FR749909.1.2952
31	8416		83.181	987	138	24	0.0	878	N/A	FR749909.1.2952
33	7247		83.063	986	139	25	0.0	870	N/A	FR749909.1.2952
65	4081		83.283	987	138	24	0.0	883	N/A	FR749909.1.2952
77	2316		83.181	987	140	23	0.0	880	N/A	FR749909.1.2952
79	1542		83.485	987	138	22	0.0	896	N/A	FR749909.1.2952
91	3364		82.912	989	138	25	0.0	861	N/A	FR749909.1.2952
	
