BLAST_out_clusters
28	13944		83.282	975	139	21	0.0	876	N/A	FR749909.1.2952
29	16151		83.587	987	138	21	0.0	904	N/A	FR749909.1.2952
32	15321		83.283	987	137	25	0.0	883	N/A	FR749909.1.2952
33	2390		85.031	982	136	10	0.0	989	N/A	HQ399845.1.3026
34	21543		83.283	987	138	24	0.0	883	N/A	FR749909.1.2952
36	3278		82.591	988	144	25	0.0	846	N/A	FR749909.1.2952
39	18337		83.384	987	139	22	0.0	891	N/A	FR749909.1.2952
43	13406		83.587	987	138	21	0.0	904	N/A	FR749909.1.2952
55	18147		82.979	987	139	25	0.0	865	N/A	FR749909.1.2952
55	20818		83.181	987	137	25	0.0	876	N/A	FR749909.1.2952
68	36338		82.573	987	139	28	0.0	839	N/A	FR749909.1.2952
89	12684		83.384	987	139	22	0.0	891	N/A	FR749909.1.2952
95	14789		83.283	987	138	24	0.0	883	N/A	FR749909.1.2952
	
