BLAST_out_Medaka_clusters
28	13944		83.112	977	139	23	0.0	867	N/A	FR749909.1.2952
29	16151		83.418	989	138	23	0.0	894	N/A	FR749909.1.2952
32	15321		83.384	987	138	23	0.0	891	N/A	FR749909.1.2952
33	2390		84.929	982	136	11	0.0	983	N/A	HQ399845.1.3026
34	21543		83.384	987	138	23	0.0	891	N/A	FR749909.1.2952
36	3278		82.811	989	141	26	0.0	857	N/A	FR749909.1.2952
39	18337		83.283	987	140	22	0.0	885	N/A	FR749909.1.2952
43	13406		83.485	987	139	21	0.0	898	N/A	FR749909.1.2952
55	18147		83.300	988	138	24	0.0	885	N/A	FR749909.1.2952
55	20818		83.283	987	138	23	0.0	883	N/A	FR749909.1.2952
68	36338		82.877	987	139	25	0.0	859	N/A	FR749909.1.2952
89	12684		83.300	988	139	23	0.0	887	N/A	FR749909.1.2952
95	14789		83.485	987	138	22	0.0	896	N/A	FR749909.1.2952
	
