BLAST_out_Medaka_clusters
25	2613		83.080	987	140	23	0.0	872	N/A	FR749909.1.2952
26	5726		82.877	987	142	24	0.0	861	N/A	FR749909.1.2952
30	3354		83.283	987	139	23	0.0	885	N/A	FR749909.1.2952
31	409		83.300	988	136	24	0.0	883	N/A	FR749909.1.2952
31	8416		83.198	988	137	25	0.0	878	N/A	FR749909.1.2952
33	7247		83.587	987	137	23	0.0	902	N/A	FR749909.1.2952
65	4081		83.485	987	138	22	0.0	896	N/A	FR749909.1.2952
77	2316		83.198	988	140	23	0.0	881	N/A	FR749909.1.2952
79	1542		83.587	987	138	21	0.0	904	N/A	FR749909.1.2952
91	3364		83.013	989	137	25	0.0	867	N/A	FR749909.1.2952
	
