BLAST_out_Medaka_clusters
112	12498		83.485	987	138	22	0.0	896	N/A	FR749909.1.2952
122	15242		83.401	988	138	23	0.0	893	N/A	FR749909.1.2952
136	10460		83.384	987	140	21	0.0	893	N/A	FR749909.1.2952
30	14126		83.300	988	139	23	0.0	887	N/A	FR749909.1.2952
30	20580		83.384	987	139	22	0.0	891	N/A	FR749909.1.2952
34	8556		83.181	987	141	22	0.0	880	N/A	FR749909.1.2952
35	13328		83.485	987	138	22	0.0	896	N/A	FR749909.1.2952
46	11414		83.485	987	139	21	0.0	898	N/A	FR749909.1.2952
47	22925		82.877	987	141	24	0.0	861	N/A	FR749909.1.2952
52	16713		83.283	987	140	22	0.0	885	N/A	FR749909.1.2952
68	86		83.485	987	138	22	0.0	896	N/A	FR749909.1.2952
72	12602		97.222	396	10	1	0.0	669	N/A	JN866584.1.1771
	
