BLAST_out_Medaka_clusters
100	9069		83.485	987	138	22	0.0	896	N/A	FR749909.1.2952
120	3305		83.299	976	138	22	0.0	876	N/A	FR749909.1.2952
25	3811		83.367	986	140	21	0.0	891	N/A	FR749909.1.2952
26	20657		83.181	987	140	23	0.0	880	N/A	FR749909.1.2952
28	12683		82.996	988	137	26	0.0	865	N/A	FR749909.1.2952
28	2793		83.249	985	140	22	0.0	881	N/A	FR749909.1.2952
28	3829		83.485	987	139	21	0.0	898	N/A	FR749909.1.2952
30	6126		83.266	986	140	22	0.0	883	N/A	FR749909.1.2952
37	8847		83.063	986	138	26	0.0	869	N/A	FR749909.1.2952
44	7591		83.300	988	137	24	0.0	885	N/A	FR749909.1.2952
59	8819		83.080	987	140	24	0.0	872	N/A	FR749909.1.2952
61	5506		83.080	987	141	23	0.0	874	N/A	FR749909.1.2952
62	2874		83.587	987	138	21	0.0	904	N/A	FR749909.1.2952
71	18770		92.857	392	27	1	1.12e	160	568	N/A	AYMY01106032.76692.78312
	
